11	0	130	61	94	171	68	137	55	158	160	137	157	175	100	63	119	123	154	188	142	81	52	198	72	97	102	80	51	141	78	139	130	181	179	133
18	1	160	139
4	9	125	98	92	102	144	173	56	199	105	77	144	122	55	80
7	9	179	175	190	182	181	79	199	133
10	12	161	177	66	151	113	117	119	66	196	64
9	17	133	199	111	113	158	96	169	55	73	154	110	79
15	27	187	130	60	161	73	91	108	89	72	170	169	96	109	76	65	197	114	121	131	175	193	159	51	136	54	139
5	29	154	99	58	98	113	60	93	94	84	172
6	30	85	147	189	127	189	147	106	86	106	61	131	182	123	175	83	68	155	62	191	165	112	54
3	33	198	130	87	191	83	190	93	110	85	148	137	54	157	69
0	38	80	172	115	108	181	177	200	183	52	143	129	103	132	79	145	134
12	41	146	178	173	156	151	130	139	102	178	142	145	114	130	189	66	132	66	52	143	143	94	113	116	138	200	128	199	152	104	72
16	59	146	62	194	119	143	96	113	64	127	168	190	200	193	113	173	73	90	51	191	183	156	150	158	162	134	104	70	99
17	65	140	87	81	180	148	98	191	120	106	115	80	78	169	142	144	83	110	153	120	164	124	101	141	108	65	100	55	114
13	74	95	66	117	68
19	75	90	70	155	56	193	178	157	65	127	155	129	62	133	175	140	107	162	117	173	88	157	148	70	135	78	87	153	196	137	74
1	85	78	177	97	196	104	174	86	97	186	59	96	144	106	162	50	53	135	199	165	138	66	175	90	181	80	132	77	59	107	176
14	85	188	129	60	164	96	93	83	123
2	95	75	82	91	161
8	97	64	197	51	182	141	150	118	190	153	57
